84 87
9 19
29 31
10 72
57 73
2 19
62 67
83 70
24 78
16 16
59 56
75 9
2 26
26 55
43 19
5 42
66 54
17 51
1 28
79 58
57 81
33 35
20 73
62 44
23 78
17 82
7 8
8 9
74 74
64 73
9 69
32 75
80 5
82 81
73 77
12 3
30 45
38 51
74 56
51 14
7 24
12 14
32 60
63 23
50 43
12 60
68 0
7 64
46 6
18 35
39 70
38 70
71 33
77 62
45 0
76 8
25 44
62 13
21 41
76 71
40 45
3 25
45 11
45 47
57 19
39 52
5 33
78 77
22 71
11 68
28 3
32 53
3 11
66 24
52 59
52 9
60 11
74 61
62 75
25 35
11 64
44 56
13 38
49 76
26 16
60 10
59 8
63 63
57 73